{
 "cells": [
  {
   "cell_type": "code",
   "execution_count": 1,
   "id": "d6f759a7-94b4-4d2d-b212-373c52109b46",
   "metadata": {},
   "outputs": [],
   "source": [
    "import plotly.express as px\n",
    "import matplotlib.pyplot as plt\n",
    "import pandas as pd\n",
    "import statistics\n",
    "from matplotlib import cm\n",
    "import csv\n",
    "import tidypandas as tp\n",
    "DFGV=pd.read_csv(\"Goalies.csv\", usecols=['Player','GP','TOI','Shots Against','Saves','SV%','HD Shots Against','HD Saves','HDSV%'])\n",
    "#print(DFGV)\n",
    "DFSIT = pd.read_csv(\"SkaterIndividualstats.csv\")\n",
    "#print(DFSIT)\n",
    "DFSOIS=pd.read_csv(\"SkaterOnIcestats.csv\")\n",
    "#print(DFG)\n",
    "DFRG=pd.read_csv(\"RookieGoalies.csv\")\n",
    "#print(DFRG)\n",
    "DFRSIT=pd.read_csv(\"RookieSkaterOnIce.csv\")\n",
    "#print(DFRSIT)\n",
    "DFRSOIS=pd.read_csv(\"RookieSkaterIndividual.csv\")\n",
    "#print(DFRSOIS)"
   ]
  },
  {
   "cell_type": "markdown",
   "id": "079b7aeb-249b-49b4-9eb4-e72d4f36f665",
   "metadata": {},
   "source": [
    "Let's start with the Vezina trophy for the best goalie."
   ]
  },
  {
   "cell_type": "code",
   "execution_count": 2,
   "id": "0024ea72-892a-4a40-a352-c1323c2a1e88",
   "metadata": {},
   "outputs": [],
   "source": [
    "DFGV=pd.read_csv(\"Goalies.csv\", usecols=['Player','GP','TOI','Shots Against','Saves','SV%','HD Shots Against','HD Saves','HDSV%'])"
   ]
  },
  {
   "cell_type": "markdown",
   "id": "e7ea6204-4fc8-4e51-86b9-fc1747cd24c5",
   "metadata": {},
   "source": [
    "First I will filter out goalies who have fewer than 1000 saves"
   ]
  },
  {
   "cell_type": "code",
   "execution_count": 3,
   "id": "77085f7c-4847-4898-be9b-c63d1edd8fdd",
   "metadata": {},
   "outputs": [
    {
     "data": {
      "text/html": [
       "<div>\n",
       "<style scoped>\n",
       "    .dataframe tbody tr th:only-of-type {\n",
       "        vertical-align: middle;\n",
       "    }\n",
       "\n",
       "    .dataframe tbody tr th {\n",
       "        vertical-align: top;\n",
       "    }\n",
       "\n",
       "    .dataframe thead th {\n",
       "        text-align: right;\n",
       "    }\n",
       "</style>\n",
       "<table border=\"1\" class=\"dataframe\">\n",
       "  <thead>\n",
       "    <tr style=\"text-align: right;\">\n",
       "      <th></th>\n",
       "      <th>Player</th>\n",
       "      <th>GP</th>\n",
       "      <th>TOI</th>\n",
       "      <th>Shots Against</th>\n",
       "      <th>Saves</th>\n",
       "      <th>SV%</th>\n",
       "      <th>HD Shots Against</th>\n",
       "      <th>HD Saves</th>\n",
       "      <th>HDSV%</th>\n",
       "    </tr>\n",
       "  </thead>\n",
       "  <tbody>\n",
       "    <tr>\n",
       "      <th>4</th>\n",
       "      <td>Connor Hellebuyck</td>\n",
       "      <td>46</td>\n",
       "      <td>2771.733333</td>\n",
       "      <td>1262</td>\n",
       "      <td>1170</td>\n",
       "      <td>0.927</td>\n",
       "      <td>293</td>\n",
       "      <td>253</td>\n",
       "      <td>0.863</td>\n",
       "    </tr>\n",
       "    <tr>\n",
       "      <th>9</th>\n",
       "      <td>Andrei Vasilevskiy</td>\n",
       "      <td>48</td>\n",
       "      <td>2837.050000</td>\n",
       "      <td>1335</td>\n",
       "      <td>1232</td>\n",
       "      <td>0.923</td>\n",
       "      <td>317</td>\n",
       "      <td>271</td>\n",
       "      <td>0.855</td>\n",
       "    </tr>\n",
       "    <tr>\n",
       "      <th>11</th>\n",
       "      <td>Mackenzie Blackwood</td>\n",
       "      <td>44</td>\n",
       "      <td>2504.983333</td>\n",
       "      <td>1229</td>\n",
       "      <td>1125</td>\n",
       "      <td>0.915</td>\n",
       "      <td>309</td>\n",
       "      <td>260</td>\n",
       "      <td>0.841</td>\n",
       "    </tr>\n",
       "    <tr>\n",
       "      <th>12</th>\n",
       "      <td>Filip Gustavsson</td>\n",
       "      <td>40</td>\n",
       "      <td>2348.033333</td>\n",
       "      <td>1190</td>\n",
       "      <td>1088</td>\n",
       "      <td>0.914</td>\n",
       "      <td>274</td>\n",
       "      <td>229</td>\n",
       "      <td>0.836</td>\n",
       "    </tr>\n",
       "    <tr>\n",
       "      <th>13</th>\n",
       "      <td>Joey Daccord</td>\n",
       "      <td>41</td>\n",
       "      <td>2365.866667</td>\n",
       "      <td>1167</td>\n",
       "      <td>1066</td>\n",
       "      <td>0.913</td>\n",
       "      <td>285</td>\n",
       "      <td>233</td>\n",
       "      <td>0.818</td>\n",
       "    </tr>\n",
       "    <tr>\n",
       "      <th>20</th>\n",
       "      <td>Jake Oettinger</td>\n",
       "      <td>44</td>\n",
       "      <td>2584.833333</td>\n",
       "      <td>1175</td>\n",
       "      <td>1070</td>\n",
       "      <td>0.911</td>\n",
       "      <td>288</td>\n",
       "      <td>228</td>\n",
       "      <td>0.792</td>\n",
       "    </tr>\n",
       "    <tr>\n",
       "      <th>23</th>\n",
       "      <td>Lukas Dostal</td>\n",
       "      <td>36</td>\n",
       "      <td>2067.983333</td>\n",
       "      <td>1111</td>\n",
       "      <td>1011</td>\n",
       "      <td>0.910</td>\n",
       "      <td>305</td>\n",
       "      <td>249</td>\n",
       "      <td>0.816</td>\n",
       "    </tr>\n",
       "    <tr>\n",
       "      <th>30</th>\n",
       "      <td>Igor Shesterkin</td>\n",
       "      <td>44</td>\n",
       "      <td>2493.083333</td>\n",
       "      <td>1263</td>\n",
       "      <td>1144</td>\n",
       "      <td>0.906</td>\n",
       "      <td>358</td>\n",
       "      <td>295</td>\n",
       "      <td>0.824</td>\n",
       "    </tr>\n",
       "    <tr>\n",
       "      <th>37</th>\n",
       "      <td>Ilya Sorokin</td>\n",
       "      <td>45</td>\n",
       "      <td>2575.083333</td>\n",
       "      <td>1237</td>\n",
       "      <td>1117</td>\n",
       "      <td>0.903</td>\n",
       "      <td>322</td>\n",
       "      <td>264</td>\n",
       "      <td>0.820</td>\n",
       "    </tr>\n",
       "    <tr>\n",
       "      <th>43</th>\n",
       "      <td>Jordan Binnington</td>\n",
       "      <td>43</td>\n",
       "      <td>2460.250000</td>\n",
       "      <td>1136</td>\n",
       "      <td>1021</td>\n",
       "      <td>0.899</td>\n",
       "      <td>275</td>\n",
       "      <td>221</td>\n",
       "      <td>0.804</td>\n",
       "    </tr>\n",
       "    <tr>\n",
       "      <th>44</th>\n",
       "      <td>Sam Montembeault</td>\n",
       "      <td>46</td>\n",
       "      <td>2567.866667</td>\n",
       "      <td>1232</td>\n",
       "      <td>1108</td>\n",
       "      <td>0.899</td>\n",
       "      <td>357</td>\n",
       "      <td>293</td>\n",
       "      <td>0.821</td>\n",
       "    </tr>\n",
       "    <tr>\n",
       "      <th>47</th>\n",
       "      <td>Juuse Saros</td>\n",
       "      <td>45</td>\n",
       "      <td>2598.666667</td>\n",
       "      <td>1252</td>\n",
       "      <td>1124</td>\n",
       "      <td>0.898</td>\n",
       "      <td>337</td>\n",
       "      <td>277</td>\n",
       "      <td>0.822</td>\n",
       "    </tr>\n",
       "    <tr>\n",
       "      <th>49</th>\n",
       "      <td>Elvis Merzlikins</td>\n",
       "      <td>40</td>\n",
       "      <td>2408.183333</td>\n",
       "      <td>1154</td>\n",
       "      <td>1035</td>\n",
       "      <td>0.897</td>\n",
       "      <td>319</td>\n",
       "      <td>261</td>\n",
       "      <td>0.818</td>\n",
       "    </tr>\n",
       "    <tr>\n",
       "      <th>50</th>\n",
       "      <td>Jeremy Swayman</td>\n",
       "      <td>44</td>\n",
       "      <td>2600.733333</td>\n",
       "      <td>1247</td>\n",
       "      <td>1119</td>\n",
       "      <td>0.897</td>\n",
       "      <td>303</td>\n",
       "      <td>237</td>\n",
       "      <td>0.782</td>\n",
       "    </tr>\n",
       "    <tr>\n",
       "      <th>57</th>\n",
       "      <td>Ukko-Pekka Luukkonen</td>\n",
       "      <td>43</td>\n",
       "      <td>2448.783333</td>\n",
       "      <td>1163</td>\n",
       "      <td>1040</td>\n",
       "      <td>0.894</td>\n",
       "      <td>302</td>\n",
       "      <td>240</td>\n",
       "      <td>0.795</td>\n",
       "    </tr>\n",
       "  </tbody>\n",
       "</table>\n",
       "</div>"
      ],
      "text/plain": [
       "                  Player  GP          TOI  Shots Against  Saves    SV%  \\\n",
       "4      Connor Hellebuyck  46  2771.733333           1262   1170  0.927   \n",
       "9     Andrei Vasilevskiy  48  2837.050000           1335   1232  0.923   \n",
       "11   Mackenzie Blackwood  44  2504.983333           1229   1125  0.915   \n",
       "12      Filip Gustavsson  40  2348.033333           1190   1088  0.914   \n",
       "13          Joey Daccord  41  2365.866667           1167   1066  0.913   \n",
       "20        Jake Oettinger  44  2584.833333           1175   1070  0.911   \n",
       "23          Lukas Dostal  36  2067.983333           1111   1011  0.910   \n",
       "30       Igor Shesterkin  44  2493.083333           1263   1144  0.906   \n",
       "37          Ilya Sorokin  45  2575.083333           1237   1117  0.903   \n",
       "43     Jordan Binnington  43  2460.250000           1136   1021  0.899   \n",
       "44      Sam Montembeault  46  2567.866667           1232   1108  0.899   \n",
       "47           Juuse Saros  45  2598.666667           1252   1124  0.898   \n",
       "49      Elvis Merzlikins  40  2408.183333           1154   1035  0.897   \n",
       "50        Jeremy Swayman  44  2600.733333           1247   1119  0.897   \n",
       "57  Ukko-Pekka Luukkonen  43  2448.783333           1163   1040  0.894   \n",
       "\n",
       "    HD Shots Against  HD Saves  HDSV%  \n",
       "4                293       253  0.863  \n",
       "9                317       271  0.855  \n",
       "11               309       260  0.841  \n",
       "12               274       229  0.836  \n",
       "13               285       233  0.818  \n",
       "20               288       228  0.792  \n",
       "23               305       249  0.816  \n",
       "30               358       295  0.824  \n",
       "37               322       264  0.820  \n",
       "43               275       221  0.804  \n",
       "44               357       293  0.821  \n",
       "47               337       277  0.822  \n",
       "49               319       261  0.818  \n",
       "50               303       237  0.782  \n",
       "57               302       240  0.795  "
      ]
     },
     "metadata": {},
     "output_type": "display_data"
    }
   ],
   "source": [
    "filtered_DFGV = DFGV[DFGV['Saves'] >1000]\n",
    "display(filtered_DFGV)"
   ]
  },
  {
   "cell_type": "markdown",
   "id": "d1d021ac-3b5b-44d1-8209-265bf97f9926",
   "metadata": {},
   "source": [
    "Next I'll sort by the High Danger Save Percentages"
   ]
  },
  {
   "cell_type": "code",
   "execution_count": 4,
   "id": "976231b5-eb5f-4815-bec8-93e600dc1bd5",
   "metadata": {},
   "outputs": [
    {
     "data": {
      "text/html": [
       "<div>\n",
       "<style scoped>\n",
       "    .dataframe tbody tr th:only-of-type {\n",
       "        vertical-align: middle;\n",
       "    }\n",
       "\n",
       "    .dataframe tbody tr th {\n",
       "        vertical-align: top;\n",
       "    }\n",
       "\n",
       "    .dataframe thead th {\n",
       "        text-align: right;\n",
       "    }\n",
       "</style>\n",
       "<table border=\"1\" class=\"dataframe\">\n",
       "  <thead>\n",
       "    <tr style=\"text-align: right;\">\n",
       "      <th></th>\n",
       "      <th>Player</th>\n",
       "      <th>GP</th>\n",
       "      <th>TOI</th>\n",
       "      <th>Shots Against</th>\n",
       "      <th>Saves</th>\n",
       "      <th>SV%</th>\n",
       "      <th>HD Shots Against</th>\n",
       "      <th>HD Saves</th>\n",
       "      <th>HDSV%</th>\n",
       "    </tr>\n",
       "  </thead>\n",
       "  <tbody>\n",
       "    <tr>\n",
       "      <th>4</th>\n",
       "      <td>Connor Hellebuyck</td>\n",
       "      <td>46</td>\n",
       "      <td>2771.733333</td>\n",
       "      <td>1262</td>\n",
       "      <td>1170</td>\n",
       "      <td>0.927</td>\n",
       "      <td>293</td>\n",
       "      <td>253</td>\n",
       "      <td>0.863</td>\n",
       "    </tr>\n",
       "    <tr>\n",
       "      <th>9</th>\n",
       "      <td>Andrei Vasilevskiy</td>\n",
       "      <td>48</td>\n",
       "      <td>2837.050000</td>\n",
       "      <td>1335</td>\n",
       "      <td>1232</td>\n",
       "      <td>0.923</td>\n",
       "      <td>317</td>\n",
       "      <td>271</td>\n",
       "      <td>0.855</td>\n",
       "    </tr>\n",
       "    <tr>\n",
       "      <th>11</th>\n",
       "      <td>Mackenzie Blackwood</td>\n",
       "      <td>44</td>\n",
       "      <td>2504.983333</td>\n",
       "      <td>1229</td>\n",
       "      <td>1125</td>\n",
       "      <td>0.915</td>\n",
       "      <td>309</td>\n",
       "      <td>260</td>\n",
       "      <td>0.841</td>\n",
       "    </tr>\n",
       "    <tr>\n",
       "      <th>12</th>\n",
       "      <td>Filip Gustavsson</td>\n",
       "      <td>40</td>\n",
       "      <td>2348.033333</td>\n",
       "      <td>1190</td>\n",
       "      <td>1088</td>\n",
       "      <td>0.914</td>\n",
       "      <td>274</td>\n",
       "      <td>229</td>\n",
       "      <td>0.836</td>\n",
       "    </tr>\n",
       "    <tr>\n",
       "      <th>30</th>\n",
       "      <td>Igor Shesterkin</td>\n",
       "      <td>44</td>\n",
       "      <td>2493.083333</td>\n",
       "      <td>1263</td>\n",
       "      <td>1144</td>\n",
       "      <td>0.906</td>\n",
       "      <td>358</td>\n",
       "      <td>295</td>\n",
       "      <td>0.824</td>\n",
       "    </tr>\n",
       "    <tr>\n",
       "      <th>47</th>\n",
       "      <td>Juuse Saros</td>\n",
       "      <td>45</td>\n",
       "      <td>2598.666667</td>\n",
       "      <td>1252</td>\n",
       "      <td>1124</td>\n",
       "      <td>0.898</td>\n",
       "      <td>337</td>\n",
       "      <td>277</td>\n",
       "      <td>0.822</td>\n",
       "    </tr>\n",
       "    <tr>\n",
       "      <th>44</th>\n",
       "      <td>Sam Montembeault</td>\n",
       "      <td>46</td>\n",
       "      <td>2567.866667</td>\n",
       "      <td>1232</td>\n",
       "      <td>1108</td>\n",
       "      <td>0.899</td>\n",
       "      <td>357</td>\n",
       "      <td>293</td>\n",
       "      <td>0.821</td>\n",
       "    </tr>\n",
       "    <tr>\n",
       "      <th>37</th>\n",
       "      <td>Ilya Sorokin</td>\n",
       "      <td>45</td>\n",
       "      <td>2575.083333</td>\n",
       "      <td>1237</td>\n",
       "      <td>1117</td>\n",
       "      <td>0.903</td>\n",
       "      <td>322</td>\n",
       "      <td>264</td>\n",
       "      <td>0.820</td>\n",
       "    </tr>\n",
       "    <tr>\n",
       "      <th>49</th>\n",
       "      <td>Elvis Merzlikins</td>\n",
       "      <td>40</td>\n",
       "      <td>2408.183333</td>\n",
       "      <td>1154</td>\n",
       "      <td>1035</td>\n",
       "      <td>0.897</td>\n",
       "      <td>319</td>\n",
       "      <td>261</td>\n",
       "      <td>0.818</td>\n",
       "    </tr>\n",
       "    <tr>\n",
       "      <th>13</th>\n",
       "      <td>Joey Daccord</td>\n",
       "      <td>41</td>\n",
       "      <td>2365.866667</td>\n",
       "      <td>1167</td>\n",
       "      <td>1066</td>\n",
       "      <td>0.913</td>\n",
       "      <td>285</td>\n",
       "      <td>233</td>\n",
       "      <td>0.818</td>\n",
       "    </tr>\n",
       "    <tr>\n",
       "      <th>23</th>\n",
       "      <td>Lukas Dostal</td>\n",
       "      <td>36</td>\n",
       "      <td>2067.983333</td>\n",
       "      <td>1111</td>\n",
       "      <td>1011</td>\n",
       "      <td>0.910</td>\n",
       "      <td>305</td>\n",
       "      <td>249</td>\n",
       "      <td>0.816</td>\n",
       "    </tr>\n",
       "    <tr>\n",
       "      <th>43</th>\n",
       "      <td>Jordan Binnington</td>\n",
       "      <td>43</td>\n",
       "      <td>2460.250000</td>\n",
       "      <td>1136</td>\n",
       "      <td>1021</td>\n",
       "      <td>0.899</td>\n",
       "      <td>275</td>\n",
       "      <td>221</td>\n",
       "      <td>0.804</td>\n",
       "    </tr>\n",
       "    <tr>\n",
       "      <th>57</th>\n",
       "      <td>Ukko-Pekka Luukkonen</td>\n",
       "      <td>43</td>\n",
       "      <td>2448.783333</td>\n",
       "      <td>1163</td>\n",
       "      <td>1040</td>\n",
       "      <td>0.894</td>\n",
       "      <td>302</td>\n",
       "      <td>240</td>\n",
       "      <td>0.795</td>\n",
       "    </tr>\n",
       "    <tr>\n",
       "      <th>20</th>\n",
       "      <td>Jake Oettinger</td>\n",
       "      <td>44</td>\n",
       "      <td>2584.833333</td>\n",
       "      <td>1175</td>\n",
       "      <td>1070</td>\n",
       "      <td>0.911</td>\n",
       "      <td>288</td>\n",
       "      <td>228</td>\n",
       "      <td>0.792</td>\n",
       "    </tr>\n",
       "    <tr>\n",
       "      <th>50</th>\n",
       "      <td>Jeremy Swayman</td>\n",
       "      <td>44</td>\n",
       "      <td>2600.733333</td>\n",
       "      <td>1247</td>\n",
       "      <td>1119</td>\n",
       "      <td>0.897</td>\n",
       "      <td>303</td>\n",
       "      <td>237</td>\n",
       "      <td>0.782</td>\n",
       "    </tr>\n",
       "  </tbody>\n",
       "</table>\n",
       "</div>"
      ],
      "text/plain": [
       "                  Player  GP          TOI  Shots Against  Saves    SV%  \\\n",
       "4      Connor Hellebuyck  46  2771.733333           1262   1170  0.927   \n",
       "9     Andrei Vasilevskiy  48  2837.050000           1335   1232  0.923   \n",
       "11   Mackenzie Blackwood  44  2504.983333           1229   1125  0.915   \n",
       "12      Filip Gustavsson  40  2348.033333           1190   1088  0.914   \n",
       "30       Igor Shesterkin  44  2493.083333           1263   1144  0.906   \n",
       "47           Juuse Saros  45  2598.666667           1252   1124  0.898   \n",
       "44      Sam Montembeault  46  2567.866667           1232   1108  0.899   \n",
       "37          Ilya Sorokin  45  2575.083333           1237   1117  0.903   \n",
       "49      Elvis Merzlikins  40  2408.183333           1154   1035  0.897   \n",
       "13          Joey Daccord  41  2365.866667           1167   1066  0.913   \n",
       "23          Lukas Dostal  36  2067.983333           1111   1011  0.910   \n",
       "43     Jordan Binnington  43  2460.250000           1136   1021  0.899   \n",
       "57  Ukko-Pekka Luukkonen  43  2448.783333           1163   1040  0.894   \n",
       "20        Jake Oettinger  44  2584.833333           1175   1070  0.911   \n",
       "50        Jeremy Swayman  44  2600.733333           1247   1119  0.897   \n",
       "\n",
       "    HD Shots Against  HD Saves  HDSV%  \n",
       "4                293       253  0.863  \n",
       "9                317       271  0.855  \n",
       "11               309       260  0.841  \n",
       "12               274       229  0.836  \n",
       "30               358       295  0.824  \n",
       "47               337       277  0.822  \n",
       "44               357       293  0.821  \n",
       "37               322       264  0.820  \n",
       "49               319       261  0.818  \n",
       "13               285       233  0.818  \n",
       "23               305       249  0.816  \n",
       "43               275       221  0.804  \n",
       "57               302       240  0.795  \n",
       "20               288       228  0.792  \n",
       "50               303       237  0.782  "
      ]
     },
     "metadata": {},
     "output_type": "display_data"
    }
   ],
   "source": [
    "HDOrder=filtered_DFGV.sort_values(by=['HDSV%'], ascending=[0])\n",
    "display(HDOrder)"
   ]
  },
  {
   "cell_type": "markdown",
   "id": "a00c7216-3578-47d6-9ba4-2df41760423e",
   "metadata": {},
   "source": [
    "One last order that I'm going to perform is to order goalies by save percentage before doing further filtering"
   ]
  },
  {
   "cell_type": "code",
   "execution_count": 5,
   "id": "0c2b7c49-72eb-429a-8e06-d00f6daf527f",
   "metadata": {},
   "outputs": [
    {
     "data": {
      "text/html": [
       "<div>\n",
       "<style scoped>\n",
       "    .dataframe tbody tr th:only-of-type {\n",
       "        vertical-align: middle;\n",
       "    }\n",
       "\n",
       "    .dataframe tbody tr th {\n",
       "        vertical-align: top;\n",
       "    }\n",
       "\n",
       "    .dataframe thead th {\n",
       "        text-align: right;\n",
       "    }\n",
       "</style>\n",
       "<table border=\"1\" class=\"dataframe\">\n",
       "  <thead>\n",
       "    <tr style=\"text-align: right;\">\n",
       "      <th></th>\n",
       "      <th>Player</th>\n",
       "      <th>GP</th>\n",
       "      <th>TOI</th>\n",
       "      <th>Shots Against</th>\n",
       "      <th>Saves</th>\n",
       "      <th>SV%</th>\n",
       "      <th>HD Shots Against</th>\n",
       "      <th>HD Saves</th>\n",
       "      <th>HDSV%</th>\n",
       "    </tr>\n",
       "  </thead>\n",
       "  <tbody>\n",
       "    <tr>\n",
       "      <th>4</th>\n",
       "      <td>Connor Hellebuyck</td>\n",
       "      <td>46</td>\n",
       "      <td>2771.733333</td>\n",
       "      <td>1262</td>\n",
       "      <td>1170</td>\n",
       "      <td>0.927</td>\n",
       "      <td>293</td>\n",
       "      <td>253</td>\n",
       "      <td>0.863</td>\n",
       "    </tr>\n",
       "    <tr>\n",
       "      <th>9</th>\n",
       "      <td>Andrei Vasilevskiy</td>\n",
       "      <td>48</td>\n",
       "      <td>2837.050000</td>\n",
       "      <td>1335</td>\n",
       "      <td>1232</td>\n",
       "      <td>0.923</td>\n",
       "      <td>317</td>\n",
       "      <td>271</td>\n",
       "      <td>0.855</td>\n",
       "    </tr>\n",
       "    <tr>\n",
       "      <th>11</th>\n",
       "      <td>Mackenzie Blackwood</td>\n",
       "      <td>44</td>\n",
       "      <td>2504.983333</td>\n",
       "      <td>1229</td>\n",
       "      <td>1125</td>\n",
       "      <td>0.915</td>\n",
       "      <td>309</td>\n",
       "      <td>260</td>\n",
       "      <td>0.841</td>\n",
       "    </tr>\n",
       "    <tr>\n",
       "      <th>12</th>\n",
       "      <td>Filip Gustavsson</td>\n",
       "      <td>40</td>\n",
       "      <td>2348.033333</td>\n",
       "      <td>1190</td>\n",
       "      <td>1088</td>\n",
       "      <td>0.914</td>\n",
       "      <td>274</td>\n",
       "      <td>229</td>\n",
       "      <td>0.836</td>\n",
       "    </tr>\n",
       "    <tr>\n",
       "      <th>13</th>\n",
       "      <td>Joey Daccord</td>\n",
       "      <td>41</td>\n",
       "      <td>2365.866667</td>\n",
       "      <td>1167</td>\n",
       "      <td>1066</td>\n",
       "      <td>0.913</td>\n",
       "      <td>285</td>\n",
       "      <td>233</td>\n",
       "      <td>0.818</td>\n",
       "    </tr>\n",
       "    <tr>\n",
       "      <th>20</th>\n",
       "      <td>Jake Oettinger</td>\n",
       "      <td>44</td>\n",
       "      <td>2584.833333</td>\n",
       "      <td>1175</td>\n",
       "      <td>1070</td>\n",
       "      <td>0.911</td>\n",
       "      <td>288</td>\n",
       "      <td>228</td>\n",
       "      <td>0.792</td>\n",
       "    </tr>\n",
       "    <tr>\n",
       "      <th>23</th>\n",
       "      <td>Lukas Dostal</td>\n",
       "      <td>36</td>\n",
       "      <td>2067.983333</td>\n",
       "      <td>1111</td>\n",
       "      <td>1011</td>\n",
       "      <td>0.910</td>\n",
       "      <td>305</td>\n",
       "      <td>249</td>\n",
       "      <td>0.816</td>\n",
       "    </tr>\n",
       "    <tr>\n",
       "      <th>30</th>\n",
       "      <td>Igor Shesterkin</td>\n",
       "      <td>44</td>\n",
       "      <td>2493.083333</td>\n",
       "      <td>1263</td>\n",
       "      <td>1144</td>\n",
       "      <td>0.906</td>\n",
       "      <td>358</td>\n",
       "      <td>295</td>\n",
       "      <td>0.824</td>\n",
       "    </tr>\n",
       "    <tr>\n",
       "      <th>37</th>\n",
       "      <td>Ilya Sorokin</td>\n",
       "      <td>45</td>\n",
       "      <td>2575.083333</td>\n",
       "      <td>1237</td>\n",
       "      <td>1117</td>\n",
       "      <td>0.903</td>\n",
       "      <td>322</td>\n",
       "      <td>264</td>\n",
       "      <td>0.820</td>\n",
       "    </tr>\n",
       "    <tr>\n",
       "      <th>43</th>\n",
       "      <td>Jordan Binnington</td>\n",
       "      <td>43</td>\n",
       "      <td>2460.250000</td>\n",
       "      <td>1136</td>\n",
       "      <td>1021</td>\n",
       "      <td>0.899</td>\n",
       "      <td>275</td>\n",
       "      <td>221</td>\n",
       "      <td>0.804</td>\n",
       "    </tr>\n",
       "    <tr>\n",
       "      <th>44</th>\n",
       "      <td>Sam Montembeault</td>\n",
       "      <td>46</td>\n",
       "      <td>2567.866667</td>\n",
       "      <td>1232</td>\n",
       "      <td>1108</td>\n",
       "      <td>0.899</td>\n",
       "      <td>357</td>\n",
       "      <td>293</td>\n",
       "      <td>0.821</td>\n",
       "    </tr>\n",
       "    <tr>\n",
       "      <th>47</th>\n",
       "      <td>Juuse Saros</td>\n",
       "      <td>45</td>\n",
       "      <td>2598.666667</td>\n",
       "      <td>1252</td>\n",
       "      <td>1124</td>\n",
       "      <td>0.898</td>\n",
       "      <td>337</td>\n",
       "      <td>277</td>\n",
       "      <td>0.822</td>\n",
       "    </tr>\n",
       "    <tr>\n",
       "      <th>49</th>\n",
       "      <td>Elvis Merzlikins</td>\n",
       "      <td>40</td>\n",
       "      <td>2408.183333</td>\n",
       "      <td>1154</td>\n",
       "      <td>1035</td>\n",
       "      <td>0.897</td>\n",
       "      <td>319</td>\n",
       "      <td>261</td>\n",
       "      <td>0.818</td>\n",
       "    </tr>\n",
       "    <tr>\n",
       "      <th>50</th>\n",
       "      <td>Jeremy Swayman</td>\n",
       "      <td>44</td>\n",
       "      <td>2600.733333</td>\n",
       "      <td>1247</td>\n",
       "      <td>1119</td>\n",
       "      <td>0.897</td>\n",
       "      <td>303</td>\n",
       "      <td>237</td>\n",
       "      <td>0.782</td>\n",
       "    </tr>\n",
       "    <tr>\n",
       "      <th>57</th>\n",
       "      <td>Ukko-Pekka Luukkonen</td>\n",
       "      <td>43</td>\n",
       "      <td>2448.783333</td>\n",
       "      <td>1163</td>\n",
       "      <td>1040</td>\n",
       "      <td>0.894</td>\n",
       "      <td>302</td>\n",
       "      <td>240</td>\n",
       "      <td>0.795</td>\n",
       "    </tr>\n",
       "  </tbody>\n",
       "</table>\n",
       "</div>"
      ],
      "text/plain": [
       "                  Player  GP          TOI  Shots Against  Saves    SV%  \\\n",
       "4      Connor Hellebuyck  46  2771.733333           1262   1170  0.927   \n",
       "9     Andrei Vasilevskiy  48  2837.050000           1335   1232  0.923   \n",
       "11   Mackenzie Blackwood  44  2504.983333           1229   1125  0.915   \n",
       "12      Filip Gustavsson  40  2348.033333           1190   1088  0.914   \n",
       "13          Joey Daccord  41  2365.866667           1167   1066  0.913   \n",
       "20        Jake Oettinger  44  2584.833333           1175   1070  0.911   \n",
       "23          Lukas Dostal  36  2067.983333           1111   1011  0.910   \n",
       "30       Igor Shesterkin  44  2493.083333           1263   1144  0.906   \n",
       "37          Ilya Sorokin  45  2575.083333           1237   1117  0.903   \n",
       "43     Jordan Binnington  43  2460.250000           1136   1021  0.899   \n",
       "44      Sam Montembeault  46  2567.866667           1232   1108  0.899   \n",
       "47           Juuse Saros  45  2598.666667           1252   1124  0.898   \n",
       "49      Elvis Merzlikins  40  2408.183333           1154   1035  0.897   \n",
       "50        Jeremy Swayman  44  2600.733333           1247   1119  0.897   \n",
       "57  Ukko-Pekka Luukkonen  43  2448.783333           1163   1040  0.894   \n",
       "\n",
       "    HD Shots Against  HD Saves  HDSV%  \n",
       "4                293       253  0.863  \n",
       "9                317       271  0.855  \n",
       "11               309       260  0.841  \n",
       "12               274       229  0.836  \n",
       "13               285       233  0.818  \n",
       "20               288       228  0.792  \n",
       "23               305       249  0.816  \n",
       "30               358       295  0.824  \n",
       "37               322       264  0.820  \n",
       "43               275       221  0.804  \n",
       "44               357       293  0.821  \n",
       "47               337       277  0.822  \n",
       "49               319       261  0.818  \n",
       "50               303       237  0.782  \n",
       "57               302       240  0.795  "
      ]
     },
     "metadata": {},
     "output_type": "display_data"
    }
   ],
   "source": [
    "SVOrder=filtered_DFGV.sort_values(by=['SV%'], ascending=[0])\n",
    "display(SVOrder)"
   ]
  },
  {
   "cell_type": "markdown",
   "id": "28991e1c-0a61-42b2-8035-89762b514f26",
   "metadata": {},
   "source": [
    "Now I'm going to run another filter on the data. This time I will set a filter that clears out anyone who has a High Danger Save Percentage lower than 80%."
   ]
  },
  {
   "cell_type": "code",
   "execution_count": 6,
   "id": "af52b831-ef0a-4492-ad81-d88611f94516",
   "metadata": {},
   "outputs": [
    {
     "data": {
      "text/html": [
       "<div>\n",
       "<style scoped>\n",
       "    .dataframe tbody tr th:only-of-type {\n",
       "        vertical-align: middle;\n",
       "    }\n",
       "\n",
       "    .dataframe tbody tr th {\n",
       "        vertical-align: top;\n",
       "    }\n",
       "\n",
       "    .dataframe thead th {\n",
       "        text-align: right;\n",
       "    }\n",
       "</style>\n",
       "<table border=\"1\" class=\"dataframe\">\n",
       "  <thead>\n",
       "    <tr style=\"text-align: right;\">\n",
       "      <th></th>\n",
       "      <th>Player</th>\n",
       "      <th>GP</th>\n",
       "      <th>TOI</th>\n",
       "      <th>Shots Against</th>\n",
       "      <th>Saves</th>\n",
       "      <th>SV%</th>\n",
       "      <th>HD Shots Against</th>\n",
       "      <th>HD Saves</th>\n",
       "      <th>HDSV%</th>\n",
       "    </tr>\n",
       "  </thead>\n",
       "  <tbody>\n",
       "    <tr>\n",
       "      <th>4</th>\n",
       "      <td>Connor Hellebuyck</td>\n",
       "      <td>46</td>\n",
       "      <td>2771.733333</td>\n",
       "      <td>1262</td>\n",
       "      <td>1170</td>\n",
       "      <td>0.927</td>\n",
       "      <td>293</td>\n",
       "      <td>253</td>\n",
       "      <td>0.863</td>\n",
       "    </tr>\n",
       "    <tr>\n",
       "      <th>9</th>\n",
       "      <td>Andrei Vasilevskiy</td>\n",
       "      <td>48</td>\n",
       "      <td>2837.050000</td>\n",
       "      <td>1335</td>\n",
       "      <td>1232</td>\n",
       "      <td>0.923</td>\n",
       "      <td>317</td>\n",
       "      <td>271</td>\n",
       "      <td>0.855</td>\n",
       "    </tr>\n",
       "    <tr>\n",
       "      <th>11</th>\n",
       "      <td>Mackenzie Blackwood</td>\n",
       "      <td>44</td>\n",
       "      <td>2504.983333</td>\n",
       "      <td>1229</td>\n",
       "      <td>1125</td>\n",
       "      <td>0.915</td>\n",
       "      <td>309</td>\n",
       "      <td>260</td>\n",
       "      <td>0.841</td>\n",
       "    </tr>\n",
       "    <tr>\n",
       "      <th>12</th>\n",
       "      <td>Filip Gustavsson</td>\n",
       "      <td>40</td>\n",
       "      <td>2348.033333</td>\n",
       "      <td>1190</td>\n",
       "      <td>1088</td>\n",
       "      <td>0.914</td>\n",
       "      <td>274</td>\n",
       "      <td>229</td>\n",
       "      <td>0.836</td>\n",
       "    </tr>\n",
       "    <tr>\n",
       "      <th>13</th>\n",
       "      <td>Joey Daccord</td>\n",
       "      <td>41</td>\n",
       "      <td>2365.866667</td>\n",
       "      <td>1167</td>\n",
       "      <td>1066</td>\n",
       "      <td>0.913</td>\n",
       "      <td>285</td>\n",
       "      <td>233</td>\n",
       "      <td>0.818</td>\n",
       "    </tr>\n",
       "    <tr>\n",
       "      <th>23</th>\n",
       "      <td>Lukas Dostal</td>\n",
       "      <td>36</td>\n",
       "      <td>2067.983333</td>\n",
       "      <td>1111</td>\n",
       "      <td>1011</td>\n",
       "      <td>0.910</td>\n",
       "      <td>305</td>\n",
       "      <td>249</td>\n",
       "      <td>0.816</td>\n",
       "    </tr>\n",
       "    <tr>\n",
       "      <th>30</th>\n",
       "      <td>Igor Shesterkin</td>\n",
       "      <td>44</td>\n",
       "      <td>2493.083333</td>\n",
       "      <td>1263</td>\n",
       "      <td>1144</td>\n",
       "      <td>0.906</td>\n",
       "      <td>358</td>\n",
       "      <td>295</td>\n",
       "      <td>0.824</td>\n",
       "    </tr>\n",
       "    <tr>\n",
       "      <th>37</th>\n",
       "      <td>Ilya Sorokin</td>\n",
       "      <td>45</td>\n",
       "      <td>2575.083333</td>\n",
       "      <td>1237</td>\n",
       "      <td>1117</td>\n",
       "      <td>0.903</td>\n",
       "      <td>322</td>\n",
       "      <td>264</td>\n",
       "      <td>0.820</td>\n",
       "    </tr>\n",
       "    <tr>\n",
       "      <th>43</th>\n",
       "      <td>Jordan Binnington</td>\n",
       "      <td>43</td>\n",
       "      <td>2460.250000</td>\n",
       "      <td>1136</td>\n",
       "      <td>1021</td>\n",
       "      <td>0.899</td>\n",
       "      <td>275</td>\n",
       "      <td>221</td>\n",
       "      <td>0.804</td>\n",
       "    </tr>\n",
       "    <tr>\n",
       "      <th>44</th>\n",
       "      <td>Sam Montembeault</td>\n",
       "      <td>46</td>\n",
       "      <td>2567.866667</td>\n",
       "      <td>1232</td>\n",
       "      <td>1108</td>\n",
       "      <td>0.899</td>\n",
       "      <td>357</td>\n",
       "      <td>293</td>\n",
       "      <td>0.821</td>\n",
       "    </tr>\n",
       "    <tr>\n",
       "      <th>47</th>\n",
       "      <td>Juuse Saros</td>\n",
       "      <td>45</td>\n",
       "      <td>2598.666667</td>\n",
       "      <td>1252</td>\n",
       "      <td>1124</td>\n",
       "      <td>0.898</td>\n",
       "      <td>337</td>\n",
       "      <td>277</td>\n",
       "      <td>0.822</td>\n",
       "    </tr>\n",
       "    <tr>\n",
       "      <th>49</th>\n",
       "      <td>Elvis Merzlikins</td>\n",
       "      <td>40</td>\n",
       "      <td>2408.183333</td>\n",
       "      <td>1154</td>\n",
       "      <td>1035</td>\n",
       "      <td>0.897</td>\n",
       "      <td>319</td>\n",
       "      <td>261</td>\n",
       "      <td>0.818</td>\n",
       "    </tr>\n",
       "  </tbody>\n",
       "</table>\n",
       "</div>"
      ],
      "text/plain": [
       "                 Player  GP          TOI  Shots Against  Saves    SV%  \\\n",
       "4     Connor Hellebuyck  46  2771.733333           1262   1170  0.927   \n",
       "9    Andrei Vasilevskiy  48  2837.050000           1335   1232  0.923   \n",
       "11  Mackenzie Blackwood  44  2504.983333           1229   1125  0.915   \n",
       "12     Filip Gustavsson  40  2348.033333           1190   1088  0.914   \n",
       "13         Joey Daccord  41  2365.866667           1167   1066  0.913   \n",
       "23         Lukas Dostal  36  2067.983333           1111   1011  0.910   \n",
       "30      Igor Shesterkin  44  2493.083333           1263   1144  0.906   \n",
       "37         Ilya Sorokin  45  2575.083333           1237   1117  0.903   \n",
       "43    Jordan Binnington  43  2460.250000           1136   1021  0.899   \n",
       "44     Sam Montembeault  46  2567.866667           1232   1108  0.899   \n",
       "47          Juuse Saros  45  2598.666667           1252   1124  0.898   \n",
       "49     Elvis Merzlikins  40  2408.183333           1154   1035  0.897   \n",
       "\n",
       "    HD Shots Against  HD Saves  HDSV%  \n",
       "4                293       253  0.863  \n",
       "9                317       271  0.855  \n",
       "11               309       260  0.841  \n",
       "12               274       229  0.836  \n",
       "13               285       233  0.818  \n",
       "23               305       249  0.816  \n",
       "30               358       295  0.824  \n",
       "37               322       264  0.820  \n",
       "43               275       221  0.804  \n",
       "44               357       293  0.821  \n",
       "47               337       277  0.822  \n",
       "49               319       261  0.818  "
      ]
     },
     "metadata": {},
     "output_type": "display_data"
    }
   ],
   "source": [
    "HDSVFilter=filtered_DFGV[filtered_DFGV['HDSV%']>0.8]\n",
    "display(HDSVFilter)"
   ]
  },
  {
   "cell_type": "markdown",
   "id": "2e09e559-2b6e-4ced-8837-896db6bdb67f",
   "metadata": {},
   "source": [
    "Next is a second filter to filter out those who have a saver percentage beneath 90%."
   ]
  },
  {
   "cell_type": "code",
   "execution_count": 7,
   "id": "09f5924a-6cb8-480a-9286-e55b45e04d83",
   "metadata": {},
   "outputs": [
    {
     "data": {
      "text/html": [
       "<div>\n",
       "<style scoped>\n",
       "    .dataframe tbody tr th:only-of-type {\n",
       "        vertical-align: middle;\n",
       "    }\n",
       "\n",
       "    .dataframe tbody tr th {\n",
       "        vertical-align: top;\n",
       "    }\n",
       "\n",
       "    .dataframe thead th {\n",
       "        text-align: right;\n",
       "    }\n",
       "</style>\n",
       "<table border=\"1\" class=\"dataframe\">\n",
       "  <thead>\n",
       "    <tr style=\"text-align: right;\">\n",
       "      <th></th>\n",
       "      <th>Player</th>\n",
       "      <th>GP</th>\n",
       "      <th>TOI</th>\n",
       "      <th>Shots Against</th>\n",
       "      <th>Saves</th>\n",
       "      <th>SV%</th>\n",
       "      <th>HD Shots Against</th>\n",
       "      <th>HD Saves</th>\n",
       "      <th>HDSV%</th>\n",
       "    </tr>\n",
       "  </thead>\n",
       "  <tbody>\n",
       "    <tr>\n",
       "      <th>4</th>\n",
       "      <td>Connor Hellebuyck</td>\n",
       "      <td>46</td>\n",
       "      <td>2771.733333</td>\n",
       "      <td>1262</td>\n",
       "      <td>1170</td>\n",
       "      <td>0.927</td>\n",
       "      <td>293</td>\n",
       "      <td>253</td>\n",
       "      <td>0.863</td>\n",
       "    </tr>\n",
       "    <tr>\n",
       "      <th>9</th>\n",
       "      <td>Andrei Vasilevskiy</td>\n",
       "      <td>48</td>\n",
       "      <td>2837.050000</td>\n",
       "      <td>1335</td>\n",
       "      <td>1232</td>\n",
       "      <td>0.923</td>\n",
       "      <td>317</td>\n",
       "      <td>271</td>\n",
       "      <td>0.855</td>\n",
       "    </tr>\n",
